g=9.81;
L=2.5;
lr=1;
lf=1.5;
h=0.25;
m=180;
ls=1.242;
rw=0.217;
drive_ratio=14.25;
A=0;
min_yaw_rate=0.01;
Ku=1/2500;
